3,2
3,1
3,3
10,243
10,123
10,187
10,277
10,301
10,237
10,161
10,1
10,81
10,2
10,3
11,9
11,20
11,13
11,17
11,6
11,7
11,1
11,16
11,2
11,3
9,7
9,1
9,5
9,2
9,3
8,11
8,9
8,7
8,17
8,1
8,15
8,2
8,3
12,2
12,1
12,3
20,2
20,1
20,3
19,2
19,1
19,3
54,4
54,3
54,2
54,1
18,1
54,0
18,3
53,5
53,4
53,3
53,2
14,3
53,1
13,1
53,0
13,3
50,5
50,4
50,3
50,2
50,1
50,0
48,5
48,4
48,3
48,2
48,1
48,0
44,4
44,3
44,2
44,1
44,0
14,5
14,1
2,2
2,1
14,4
2,3
14,0
0,472
0,0
55,34
55,33
55,32
55,31
55,30
55,29
55,28
55,27
55,26
55,25
